x y
1 NA
454375.0 4953745.0
454745.0 4953735.0
455075.0 4953415.0
455075.0 4953415.0
455035.0 4953255.0
455265.0 4952995.0
455385.0 4952685.0
455585.0 4952475.0
455845.0 4951985.0
455835.0 4951785.0
456095.0 4951545.0
456385.0 4951455.0
456625.0 4951285.0
456835.0 4951245.0
457239.9 4951045.0
457239.9 4951045.0
457465.0 4950765.0
457445.0 4950705.0
457525.0 4950605.0
457715.0 4950485.0
457785.0 4950215.0
458005.0 4949975.0
458115.0 4949995.0
458235.0 4949945.0
458385.0 4949745.0
458385.0 4949745.0
458595.0 4949735.0
458685.0 4949835.0
459205.0 4949845.0
459475.0 4949935.0
459605.0 4949825.0
459825.0 4949745.0
460025.0 4949555.0
460135.0 4949585.0
460245.0 4949545.0
460245.0 4949545.0
460355.0 4949505.0
460425.0 4949375.0
460675.0 4949195.0
460695.0 4949095.0
460605.0 4948965.0
460595.0 4948865.0
460935.0 4948535.0
460955.0 4948445.0
460875.0 4948415.0
460845.0 4948185.0
460685.0 4947995.0
460715.0 4947835.0
460695.0 4947775.0
460625.0 4947755.0
460635.0 4947515.0
460545.0 4947445.0
460275.0 4947445.0
460085.0 4947335.0
459945.0 4946675.0
459945.0 4946675.0
459905.0 4946635.0
459995.0 4946455.0
460185.0 4946305.0
460005.0 4946135.0
459965.0 4945905.0
459845.0 4945815.0
459805.0 4945665.0
459575.0 4945505.0
459495.0 4945315.0
459385.0 4945305.0
459315.0 4945215.0
459305.0 4945085.0
459215.0 4945005.0
459215.0 4945005.0
459305.0 4944645.0
459495.0 4944445.0
459525.0 4944235.0
459675.0 4944145.0
459765.0 4944145.0
459875.0 4943975.0
459985.0 4943975.0
460115.0 4943835.0
460525.0 4943675.0
460525.0 4943675.0
460745.0 4943675.0
461095.0 4943495.0
461145.0 4943445.0
461185.0 4943155.0
461395.0 4942895.0
461305.0 4942485.0
460825.0 4942165.0
460855.0 4941745.0
460975.0 4941595.0
461065.0 4941555.0
461215.0 4941605.0
461545.0 4941535.0
461625.0 4941225.0
461625.0 4941225.0
461865.0 4941145.0
462085.0 4940855.0
462085.0 4940855.0
462175.0 4940875.0
462625.0 4941195.0
462795.0 4941115.0
462985.0 4941095.0
463105.0 4941185.0
463255.0 4941195.0
463355.0 4941265.0
463455.0 4941175.0
463645.0 4941215.0
464065.0 4941165.0
464215.0 4941245.0
464425.0 4941225.0
464495.0 4941355.0
464615.0 4941385.0
464705.0 4941385.0
464805.0 4941285.0
464805.0 4941235.0
465035.0 4940995.0
465085.0 4940855.0
465275.0 4940855.0
465275.0 4940855.0
465525.0 4940915.0
465625.0 4940845.0
465735.0 4940845.0
465845.0 4940915.0
465915.0 4940875.0
466055.0 4940975.0
466445.0 4941035.0
466735.0 4940995.0
466795.0 4940945.0
466945.0 4940955.0
467185.0 4940855.0
467445.0 4940885.0
467525.0 4940825.0
467665.0 4940825.0
467665.0 4940825.0
467735.0 4940885.0
467795.0 4941245.0
467885.0 4941335.0
468035.0 4941765.0
468385.0 4941975.0
468455.0 4941935.0
468605.0 4942095.0
468795.0 4942185.0
468875.0 4942295.0
469075.0 4942415.0
469205.0 4942565.0
469305.0 4942595.0
469465.0 4942805.0
469465.0 4942805.0
469755.0 4942895.0
469865.0 4942865.0
470135.0 4943115.0
470415.0 4943095.0
470605.0 4943175.0
470825.0 4943175.0
471145.0 4942835.0
471155.0 4942745.0
471225.0 4942675.0
471605.0 4942775.0
472365.0 4942715.0
472365.0 4942715.0
472435.0 4942735.0
472555.0 4942555.0
472525.0 4942355.0
472625.0 4942225.0
472625.0 4942225.0
472705.0 4942155.0
472935.0 4942105.0
473125.0 4942175.0
473355.0 4942045.0
473715.0 4941965.0
473775.0 4942045.0
473855.0 4942065.0
473935.0 4941995.0
473895.0 4941825.0
473915.0 4941455.0
474075.0 4941235.0
474155.0 4941235.0
474215.0 4941305.0
474355.0 4941305.0
474395.0 4941355.0
474715.0 4941375.0
475035.0 4941125.0
475105.0 4940965.0
475235.0 4940885.0
475235.0 4940885.0
475345.0 4940775.0
475305.0 4940625.0
475395.0 4940435.0
475325.0 4940415.0
475105.0 4940145.0
474895.0 4940075.0
474885.0 4940025.0
474885.0 4940025.0
474805.0 4939935.0
474785.0 4939385.0
474825.0 4939235.0
474965.0 4939085.0
474905.0 4938975.0
474905.0 4938835.0
475075.0 4938655.0
475075.0 4938455.0
475185.0 4938275.0
475405.0 4938065.0
475465.0 4937685.0
475525.0 4937735.0
475585.0 4937715.0
475685.0 4937585.0
475765.0 4937335.0
475905.0 4937315.0
475905.0 4937315.0
475915.0 4937125.0
475985.0 4937065.0
475865.0 4936885.0
476265.0 4936885.0
476385.0 4936965.0
476445.0 4936905.0
476455.0 4936535.0
476625.0 4936315.0
476645.0 4936145.0
476725.0 4936065.0
476725.0 4936005.0
476555.0 4935795.0
476545.0 4935675.0
476545.0 4935675.0
476825.0 4935395.0
477065.0 4935345.0
477265.0 4935125.0
477663.0 4934983.5
477912.0 4934722.5
478391.7 4934579.5
478487.6 4934473.5
478599.8 4934189.5
478832.5 4934091.5
479073.4 4933906.0
479365.0 4933441.2
479365.0 4933441.2
479325.0 4933315.0
479435.0 4933285.0
479535.0 4933165.0
479565.0 4933015.0
479665.0 4932975.0
479735.0 4933015.0
479625.0 4932805.0
479545.0 4932795.0
479455.0 4932515.0
479445.0 4932355.0
479395.0 4932295.0
479375.0 4931865.0
479455.0 4931775.0
479585.0 4931745.0
479655.0 4931655.0
479755.0 4931645.0
479835.0 4931465.0
479835.0 4931345.0
479985.0 4931145.0
479975.0 4931045.0
479815.0 4930855.0
479795.0 4930575.0
479795.0 4930575.0
479795.0 4930495.0
479615.0 4930335.0
479465.0 4930315.0
479385.0 4930335.0
479315.0 4930495.0
479045.0 4930525.0
478995.0 4930465.0
479045.0 4930325.0
478905.0 4930275.0
478695.0 4930325.0
478625.0 4930175.0
478665.0 4930125.0
478585.0 4930095.0
478515.0 4930125.0
478475.0 4929755.0
478695.0 4929695.0
478795.0 4929625.0
478805.0 4929525.0
479065.0 4929405.0
479065.0 4929405.0
479185.0 4929315.0
479095.0 4929075.0
479135.0 4928985.0
478995.0 4928875.0
479035.0 4928815.0
479005.0 4928615.0
479035.0 4928575.0
478975.0 4928515.0
479085.0 4928385.0
479075.0 4928285.0
479025.0 4928265.0
478995.0 4928155.0
478915.0 4928115.0
478815.0 4928115.0
478795.0 4928195.0
478735.0 4928215.0
478695.0 4928085.0
478565.0 4927995.0
478565.0 4927935.0
478395.0 4927715.0
478285.0 4927685.0
478215.0 4927545.0
478015.0 4927485.0
477745.0 4927485.0
477585.0 4927185.0
477605.0 4926905.0
477605.0 4926905.0
477535.0 4926815.0
477455.0 4926795.0
477395.0 4926625.0
477235.0 4926605.0
477215.0 4926485.0
477035.0 4926335.0
476875.0 4926305.0
476785.0 4926215.0
476985.0 4926175.0
477085.0 4926095.0
477085.0 4926035.0
476965.0 4925965.0
476925.0 4925635.0
477275.0 4925375.0
477275.0 4925295.0
477485.0 4924915.0
477425.0 4924735.0
477455.0 4924655.0
477365.0 4924595.0
477315.0 4924395.0
477315.0 4924395.0
477305.0 4924195.0
477405.0 4924155.0
477425.0 4924065.0
477555.0 4923985.0
477605.0 4923855.0
477775.0 4923795.0
477765.0 4923725.0
477765.0 4923725.0
477755.0 4923625.0
478165.0 4923615.0
478375.0 4923515.0
478585.0 4923505.0
478405.0 4923365.0
478295.0 4923405.0
478155.0 4923245.0
478175.0 4922965.0
477945.0 4922885.0
477885.0 4922795.0
477765.0 4922825.0
477675.0 4922785.0
477695.0 4922355.0
477645.0 4922285.0
477645.0 4922055.0
477705.0 4921915.0
477695.0 4921425.0
477765.0 4921315.0
477625.0 4921155.0
477625.0 4921155.0
477625.0 4921055.0
477735.0 4920965.0
477735.0 4920825.0
477825.0 4920625.0
478165.0 4920345.0
478195.0 4920225.0
478255.0 4920185.0
478275.0 4920005.0
478505.0 4919875.0
478685.0 4919555.0
478335.0 4919495.0
478185.0 4919395.0
478035.0 4919535.0
477745.0 4919515.0
477695.0 4919415.0
477575.0 4919345.0
477525.0 4919385.0
477475.0 4919275.0
477305.0 4919185.0
477265.0 4919075.0
477265.0 4919075.0
477065.0 4918945.0
477115.0 4918775.0
477105.0 4918485.0
477025.0 4918305.0
477075.0 4917965.0
477035.0 4917805.0
476945.0 4917775.0
476865.0 4917545.0
476865.0 4917545.0
476805.0 4917265.0
476905.0 4917065.0
476805.0 4916945.0
476775.0 4916815.0
476725.0 4916795.0
476735.0 4916685.0
476755.0 4916645.0
476905.0 4916635.0
477065.0 4916495.0
476985.0 4916325.0
477075.0 4915925.0
477235.0 4915705.0
477225.0 4915555.0
477165.0 4915535.0
477195.0 4915365.0
477365.0 4915335.0
477505.0 4915155.0
477575.0 4915145.0
477405.0 4915105.0
477455.0 4914925.0
477365.0 4914865.0
477365.0 4914809.6
477365.0 4914809.6
477223.2 4914525.1
477216.1 4914151.0
477269.5 4913933.7
477222.9 4913769.0
477449.8 4913337.0
477434.8 4912936.3
477472.3 4912749.7
477369.5 4912516.9
477087.8 4912403.8
476956.9 4912292.8
476802.1 4911927.7
476670.3 4911754.5
476675.6 4911579.3
476742.8 4911419.7
476679.2 4911241.8
476764.2 4911041.7
476646.2 4910857.3
476628.3 4910678.2
476473.8 4910582.2
476370.7 4909703.9
476116.9 4909324.3
476049.9 4909001.3
475838.5 4908763.3
475792.0 4908633.4
475622.1 4908526.7
475423.9 4908235.4
475393.5 4908116.3
475159.8 4908070.2
475060.6 4908004.5
474476.7 4907367.9
474312.6 4907065.0
474312.6 4907065.0
474312.5 4906644.9
474378.2 4906301.6
473814.3 4905778.3
473544.2 4905372.1
473591.7 4904988.3
473544.7 4904823.0
473653.1 4904602.4
473767.0 4904507.5
473873.7 4904253.4
473763.8 4903868.7
473577.8 4903580.4
473666.7 4903083.5
473351.7 4903011.9
473001.3 4902824.7
472825.7 4902782.7
472576.6 4902517.8
472198.5 4902438.4
471884.1 4902251.3
471672.5 4902427.6
471230.1 4902623.1
471195.8 4902740.1
471054.5 4902876.4
470731.7 4902907.2
470663.1 4903144.3
470434.7 4903374.5
470374.3 4903498.6
470181.8 4903471.5
469955.0 4903505.6
469955.0 4903505.6
469647.6 4903450.6
469184.4 4903165.7
468688.0 4903193.0
468544.8 4903102.5
468222.3 4903087.5
468065.0 4902955.0
467918.6 4902994.5
467820.0 4903231.5
467629.5 4903110.5
466979.2 4903262.5
466462.8 4903098.5
466316.2 4902985.0
466135.0 4902964.5
465898.5 4902761.5
465770.2 4902793.5
465679.9 4902924.0
465386.8 4903024.0
465193.5 4902869.3
465443.5 4903085.0
465433.5 4903433.5
465273.5 4903483.5
465143.5 4903603.5
464683.5 4903853.5
464593.5 4903943.5
464563.5 4904052.9
464563.5 4904052.9
464683.5 4904165.0
464803.5 4904425.0
464833.5 4904553.5
464783.5 4904663.5
464783.5 4904923.5
464923.5 4905335.0
464903.5 4905593.5
464663.5 4905873.5
464625.0 4906015.0
464625.0 4906015.0
464375.0 4906315.0
464285.0 4906595.0
464285.0 4906835.0
464333.5 4907243.5
464493.5 4907335.0
464503.5 4907453.5
464713.5 4907685.0
464743.5 4907815.0
464723.5 4908173.5
464663.5 4908293.5
464613.5 4908633.5
464633.5 4908983.5
464633.5 4908983.5
465165.0 4909425.0
465165.0 4909425.0
464855.0 4909725.0
464725.0 4909945.0
464725.0 4910185.0
464655.0 4910275.0
464703.5 4910365.0
464673.5 4910473.5
464713.5 4910495.0
464723.5 4910635.0
464653.5 4910733.5
464713.5 4910865.0
464703.5 4911093.5
464443.5 4911363.5
464385.0 4911493.5
464385.0 4911493.5
464333.5 4912093.5
464293.5 4912133.5
464153.5 4912213.5
463873.5 4912253.5
463653.5 4912203.5
463193.5 4912203.5
462913.5 4912483.5
463153.5 4912795.0
463183.5 4912923.5
463393.5 4913035.0
463425.0 4913323.5
463425.0 4913323.5
463543.5 4913625.0
463513.5 4913873.5
463323.5 4913993.5
463223.5 4914173.5
463323.5 4914403.5
463083.5 4915193.5
462933.5 4915393.5
462513.5 4915763.5
462473.5 4915983.5
462393.5 4916033.5
462305.0 4916263.5
462305.0 4916263.5
462323.5 4916433.5
462263.5 4916493.5
462063.5 4916523.5
462013.5 4916643.5
461783.5 4916883.5
461655.0 4916875.0
461615.0 4916975.0
461455.0 4917105.0
461483.5 4917233.5
461333.5 4917393.5
461403.5 4917515.0
461403.5 4917673.5
461323.5 4917743.5
461363.5 4917893.5
461273.5 4918033.5
461303.5 4918323.5
461303.5 4918323.5
461543.5 4918473.5
461743.5 4918455.0
461823.5 4918535.0
461843.5 4918683.5
461953.5 4918865.0
461973.5 4918983.5
461923.5 4919153.5
461743.5 4919293.5
461703.5 4919413.5
461623.5 4919483.5
461623.5 4919703.5
461673.5 4920023.5
461865.0 4920115.0
462003.5 4920125.0
462005.0 4920363.5
462005.0 4920363.5
462113.5 4920545.0
462153.5 4920745.0
462133.5 4920873.5
462053.5 4920963.5
462073.5 4921203.5
461633.5 4921603.5
461573.5 4921793.5
461523.5 4921813.5
461603.5 4922005.0
461573.5 4922153.5
461483.5 4922203.5
461403.5 4922383.5
461233.5 4922463.5
461173.5 4922543.5
460925.0 4922595.0
460635.0 4922753.5
460635.0 4922753.5
460583.5 4922913.5
460473.5 4922943.5
459893.5 4923573.5
459593.5 4923513.5
459433.5 4923573.5
459243.5 4923743.5
459023.5 4924123.5
459023.5 4924323.5
458893.5 4924473.5
458893.5 4924713.5
458705.0 4925153.5
458705.0 4925153.5
458413.5 4925083.5
458273.5 4925213.5
457845.0 4925195.0
457745.0 4925365.0
457625.0 4925435.0
457545.0 4925655.0
457365.0 4925775.0
457343.5 4925943.5
457383.5 4926113.5
457313.5 4926193.5
457303.5 4926543.5
457133.5 4926713.5
456853.5 4926863.5
456773.5 4926943.5
456733.5 4927093.5
456733.5 4927093.5
456733.5 4927143.5
456413.5 4927463.5
456383.5 4927593.5
456173.5 4927833.5
456453.5 4928125.0
456443.5 4928203.5
456343.5 4928293.5
456303.5 4928493.5
455965.0 4928613.5
455965.0 4928613.5
455555.0 4928465.0
455335.0 4928445.0
455265.0 4928265.0
455125.0 4928145.0
454935.0 4928175.0
454635.0 4928145.0
454603.5 4928203.5
454265.0 4928245.0
454065.0 4928165.0
454065.0 4928165.0
453895.0 4928185.0
453385.0 4928715.0
453255.0 4928915.0
453175.0 4929205.0
453265.0 4929345.0
453255.0 4929489.3
453255.0 4929489.3
453275.0 4929795.0
453195.0 4929865.0
453155.0 4930325.0
453205.0 4930415.0
453195.0 4930645.0
453255.0 4930655.0
453325.0 4930755.0
453305.0 4931015.0
453355.0 4931075.0
453225.0 4931175.0
452985.0 4931205.0
452785.0 4931345.0
452665.0 4931485.0
452705.0 4931655.0
452485.0 4931805.0
452485.0 4931805.0
452505.0 4931915.0
452455.0 4932095.0
452175.0 4932265.0
451945.0 4932235.0
451845.0 4932305.0
451705.0 4932465.0
451705.0 4932675.0
451595.0 4932815.0
451455.0 4932895.0
451035.0 4932955.0
451035.0 4932955.0
450895.0 4933235.0
450895.0 4933385.0
450945.0 4933425.0
450875.0 4933435.0
450815.0 4933515.0
450815.0 4933775.0
450755.0 4933775.0
450645.0 4933925.0
450375.0 4934105.0
450075.0 4934045.0
449745.0 4934115.0
449635.0 4934305.0
449645.0 4934575.0
449725.0 4934665.0
449735.0 4934855.0
449575.0 4935245.0
449575.0 4935475.0
449605.0 4935595.0
449705.0 4935645.0
449705.0 4935645.0
449835.0 4935735.0
449735.0 4935835.0
449785.0 4936105.0
449705.0 4936295.0
449705.0 4936435.0
449775.0 4936545.0
449745.0 4936775.0
449685.0 4936845.0
449595.0 4936835.0
449265.0 4936945.0
449185.0 4937025.0
449005.0 4937035.0
448695.0 4937235.0
448555.0 4937415.0
448545.0 4937605.0
448455.0 4937705.0
448475.0 4937905.0
448175.0 4938235.0
448105.0 4938395.0
448105.0 4938395.0
448145.0 4938425.0
448135.0 4938785.0
448185.0 4938955.0
448255.0 4938965.0
448365.0 4939085.0
448505.0 4939115.0
448375.0 4939235.0
448405.0 4939405.0
448485.0 4939445.0
448485.0 4939445.0
448535.0 4939485.0
448305.0 4939835.0
448255.0 4940015.0
448635.0 4940485.0
448625.0 4941215.0
448355.0 4941445.0
448145.0 4941495.0
447915.0 4941775.0
447915.0 4941875.0
447815.0 4941915.0
447725.0 4942065.0
447635.0 4942075.0
447535.0 4942165.0
447535.0 4942305.0
447425.0 4942455.0
447425.0 4942455.0
447525.0 4942635.0
447715.0 4942715.0
447865.0 4942545.0
448055.0 4942455.0
448315.0 4942425.0
448835.0 4942195.0
448935.0 4942215.0
449085.0 4942165.0
449185.0 4942015.0
449195.0 4941915.0
449515.0 4941955.0
449585.0 4941915.0
449745.0 4941985.0
449895.0 4941985.0
450095.0 4941825.0
450135.0 4941515.0
450195.0 4941455.0
450295.0 4941455.0
450295.0 4941455.0
450415.0 4941495.0
450465.0 4941435.0
450665.0 4941445.0
450845.0 4941385.0
450935.0 4941245.0
451085.0 4941235.0
451245.0 4941075.0
451355.0 4940815.0
451375.0 4940905.0
451485.0 4941005.0
451595.0 4941005.0
451675.0 4940915.0
451865.0 4940895.0
451915.0 4940845.0
452165.0 4940845.0
452415.0 4941105.0
452675.0 4941255.0
452905.0 4941225.0
452965.0 4941155.0
453225.0 4941185.0
453335.0 4941155.0
453335.0 4941155.0
453625.0 4941405.0
453585.0 4941555.0
453315.0 4941815.0
453265.0 4941998.5
453265.0 4941998.5
453345.0 4942145.0
453575.0 4942365.0
453735.0 4942365.0
453775.0 4942405.0
453865.0 4942675.0
453985.0 4942695.0
454145.0 4942815.0
454415.0 4942785.0
454455.0 4942845.0
454515.0 4943145.0
454495.0 4943255.0
454645.0 4943385.0
454545.0 4943395.0
454455.0 4943495.0
454465.0 4943905.0
454225.0 4944045.0
454235.0 4944335.0
454235.0 4944335.0
454215.0 4944585.0
454275.0 4944925.0
454325.0 4944975.0
454285.0 4945055.0
454285.0 4945055.0
454185.0 4945505.0
454335.0 4945665.0
454385.0 4945795.0
454305.0 4945855.0
454245.0 4946045.0
454135.0 4946135.0
454165.0 4946265.0
453975.0 4946535.0
453965.0 4946805.0
453815.0 4946915.0
453585.0 4946935.0
453435.0 4947035.0
453595.0 4947225.0
453705.0 4947455.0
453705.0 4947455.0
453875.0 4947715.0
453955.0 4947745.0
453945.0 4947985.0
454045.0 4948125.0
453995.0 4948295.0
454045.0 4948405.0
454015.0 4948535.0
454185.0 4948565.0
454215.0 4948525.0
454325.0 4948535.0
454385.0 4948475.0
454325.0 4948585.0
454305.0 4948815.0
454225.0 4948945.0
454175.0 4948985.0
454085.0 4948965.0
453915.0 4949145.0
453935.0 4949725.0
453785.0 4950295.0
453875.0 4950485.0
453875.0 4950485.0
453825.0 4950755.0
453865.0 4950965.0
453715.0 4951085.0
453795.0 4951315.0
453925.0 4951395.0
453955.0 4951505.0
453935.0 4951675.0
453815.0 4951885.0
453815.0 4951995.0
453855.0 4952045.0
453985.0 4952055.0
454295.0 4952315.0
454155.0 4952735.0
454335.0 4952985.0
454345.0 4953255.0
454255.0 4953335.0
454365.0 4953485.0
454375.0 4953745.0

